8 20
2 5
0 3 9 11 15 
23 6
1 7 8 16 17 19 
28 0

34 4
2 13 14 18 
39 7
1 6 7 8 16 17 19 
77 5
4 5 6 10 12 
130 0

162 0

8 20
2 5
0 3 9 11 15 
23 6
1 7 8 16 17 19 
28 0

34 4
2 13 14 18 
39 7
1 6 7 8 16 17 19 
77 5
4 5 6 10 12 
130 0

162 0

8 20
2 5
0 3 9 11 15 
23 6
1 7 8 16 17 19 
28 0

34 4
2 13 14 18 
39 7
1 6 7 8 16 17 19 
77 5
4 5 6 10 12 
130 0

162 0

8 20
2 5
0 3 9 11 15 
23 6
1 7 8 16 17 19 
28 0

34 4
2 13 14 18 
39 7
1 6 7 8 16 17 19 
77 5
4 5 6 10 12 
130 0

162 0

8 20
2 5
0 3 9 11 15 
23 6
1 7 8 16 17 19 
28 0

34 4
2 13 14 18 
39 7
1 6 7 8 16 17 19 
77 5
4 5 6 10 12 
130 0

162 0

8 20
2 5
0 3 9 11 15 
23 6
1 7 8 16 17 19 
28 0

34 4
2 13 14 18 
39 7
1 6 7 8 16 17 19 
77 5
4 5 6 10 12 
130 0

162 0

8 20
2 5
0 3 9 11 15 
23 6
1 7 8 16 17 19 
28 0

34 4
2 13 14 18 
39 7
1 6 7 8 16 17 19 
77 5
4 5 6 10 12 
130 0

162 0

8 20
2 5
0 3 9 11 15 
23 6
1 7 8 16 17 19 
28 0

34 4
2 13 14 18 
39 7
1 6 7 8 16 17 19 
77 5
4 5 6 10 12 
130 0

162 0

8 20
2 5
0 3 9 11 15 
23 6
1 7 8 16 17 19 
28 0

34 4
2 13 14 18 
39 7
1 6 7 8 16 17 19 
77 5
4 5 6 10 12 
130 0

162 0

8 20
2 5
0 3 9 11 15 
23 6
1 7 8 16 17 19 
28 0

34 4
2 13 14 18 
39 7
1 6 7 8 16 17 19 
77 5
4 5 6 10 12 
130 0

162 0

8 20
2 5
0 3 9 11 15 
23 6
1 7 8 16 17 19 
28 0

34 4
2 13 14 18 
39 7
1 6 7 8 16 17 19 
77 5
4 5 6 10 12 
130 0

162 0

8 20
2 5
0 3 9 11 15 
23 0

28 6
1 7 8 16 17 19 
34 4
2 13 14 18 
39 0

77 0

130 5
4 5 6 10 12 
162 5
1 7 8 16 17 
8 20
2 6
0 3 9 11 13 15 
23 15
1 2 4 5 6 7 8 10 12 13 14 16 17 18 19 
28 0

34 0

39 4
2 6 14 18 
77 4
4 5 10 12 
130 0

162 0

