8 20
2 6
0 3 9 11 13 15 
23 6
1 7 8 16 17 19 
28 6
1 7 8 16 17 19 
34 4
2 13 14 18 
39 4
2 6 14 18 
77 4
4 5 10 12 
130 5
4 5 6 10 12 
162 6
1 7 8 16 17 19 
8 20
2 6
0 3 9 11 13 15 
23 6
1 7 8 16 17 19 
28 6
1 7 8 16 17 19 
34 4
2 13 14 18 
39 4
2 6 14 18 
77 4
4 5 10 12 
130 5
4 5 6 10 12 
162 6
1 7 8 16 17 19 
8 20
2 6
0 3 9 11 13 15 
23 6
1 7 8 16 17 19 
28 6
1 7 8 16 17 19 
34 4
2 13 14 18 
39 4
2 6 14 18 
77 4
4 5 10 12 
130 5
4 5 6 10 12 
162 6
1 7 8 16 17 19 
8 20
2 6
0 3 9 11 13 15 
23 6
1 7 8 16 17 19 
28 6
1 7 8 16 17 19 
34 4
2 13 14 18 
39 4
2 6 14 18 
77 4
4 5 10 12 
130 5
4 5 6 10 12 
162 6
1 7 8 16 17 19 
8 20
2 6
0 3 9 11 13 15 
23 6
1 7 8 16 17 19 
28 6
1 7 8 16 17 19 
34 4
2 13 14 18 
39 4
2 6 14 18 
77 4
4 5 10 12 
130 5
4 5 6 10 12 
162 6
1 7 8 16 17 19 
8 20
2 6
0 3 9 11 13 15 
23 6
1 7 8 16 17 19 
28 6
1 7 8 16 17 19 
34 4
2 13 14 18 
39 4
2 6 14 18 
77 4
4 5 10 12 
130 5
4 5 6 10 12 
162 6
1 7 8 16 17 19 
8 20
2 6
0 3 9 11 13 15 
23 6
1 7 8 16 17 19 
28 6
1 7 8 16 17 19 
34 4
2 13 14 18 
39 4
2 6 14 18 
77 4
4 5 10 12 
130 5
4 5 6 10 12 
162 6
1 7 8 16 17 19 
8 20
2 6
0 3 9 11 13 15 
23 6
1 7 8 16 17 19 
28 6
1 7 8 16 17 19 
34 4
2 13 14 18 
39 4
2 6 14 18 
77 4
4 5 10 12 
130 5
4 5 6 10 12 
162 6
1 7 8 16 17 19 
8 20
2 6
0 3 9 11 13 15 
23 6
1 7 8 16 17 19 
28 6
1 7 8 16 17 19 
34 4
2 13 14 18 
39 4
2 6 14 18 
77 4
4 5 10 12 
130 5
4 5 6 10 12 
162 6
1 7 8 16 17 19 
8 20
2 6
0 3 9 11 13 15 
23 6
1 7 8 16 17 19 
28 6
1 7 8 16 17 19 
34 4
2 13 14 18 
39 4
2 6 14 18 
77 4
4 5 10 12 
130 5
4 5 6 10 12 
162 6
1 7 8 16 17 19 
8 20
2 6
0 3 9 11 13 15 
23 6
1 7 8 16 17 19 
28 6
1 7 8 16 17 19 
34 4
2 13 14 18 
39 4
2 6 14 18 
77 4
4 5 10 12 
130 5
4 5 6 10 12 
162 6
1 7 8 16 17 19 
8 20
2 6
0 3 9 11 13 15 
23 6
1 7 8 16 17 19 
28 6
1 7 8 16 17 19 
34 4
2 13 14 18 
39 4
2 6 14 18 
77 4
4 5 10 12 
130 5
4 5 6 10 12 
162 6
1 7 8 16 17 19 
8 20
2 6
0 3 9 11 13 15 
23 6
1 7 8 16 17 19 
28 6
1 7 8 16 17 19 
34 4
2 13 14 18 
39 4
2 6 14 18 
77 4
4 5 10 12 
130 5
4 5 6 10 12 
162 6
1 7 8 16 17 19 
