20 50
60 9
1 7 9 18 19 23 30 38 45 
70 8
1 7 16 18 25 30 31 34 
80 8
1 16 19 29 30 31 34 38 
194 8
1 2 7 8 19 30 31 34 
288 9
6 18 19 20 22 23 30 38 45 
484 7
4 5 10 12 24 37 41 
558 11
13 14 17 27 28 33 36 39 40 42 46 
656 7
6 16 18 20 22 26 31 
668 8
6 16 19 20 22 25 26 29 
678 10
1 2 7 8 16 19 23 30 34 38 
680 8
9 16 18 20 22 26 38 45 
716 9
1 2 7 8 9 18 23 34 38 
750 9
6 18 19 20 22 23 26 29 45 
760 8
1 2 8 9 16 18 30 38 
799 12
0 3 11 15 21 32 35 43 44 47 48 49 
847 9
1 2 7 8 9 18 23 34 38 
882 8
7 9 22 25 29 31 34 45 
883 9
6 19 20 23 25 26 29 31 45 
894 10
6 9 18 20 22 23 26 30 38 45 
899 9
6 9 18 19 22 25 26 30 45 
